
EXP 1.1

1%
    0.4425    0.3084    0.5639    0.7208
    0.2984    0.6589    0.7287    0.4849
    0.8816    0.7215    0.7201    0.5191

%5

    0.4419    0.3172    0.5717    0.7138
    0.2959    0.6593    0.7376    0.4871
    0.9094    0.7681    0.6375    0.5586


EXP 1.2




EXP 2: 

1% 

    0.4410    0.3154    0.5697    0.7109
    0.2959    0.6576    0.7414    0.4908
    0.9086    0.7578    0.6536    0.5766


5%
    0.4386    0.3252    0.5787    0.6955
    0.2912    0.6583    0.7624    0.4990
    0.8647    0.8254    0.5640    0.6345


EXP 3:

1%

    0.4446    0.3212    0.5728    0.7202
    0.2956    0.6582    0.7441    0.4935
    0.8948    0.8057    0.6452    0.5641

5%

    0.4440    0.3276    0.5808    0.7146
    0.2957    0.6603    0.7581    0.5004
    0.8930    0.8497    0.6079    0.6015